   1.4210855e-14  -7.1054274e-15   0.0000000e+00   3.0814879e-33   5.0690616e-54   1.8807910e-37
   7.7318242e-03  -1.2518068e-02   6.1247714e-02   3.8360915e-04  -2.6361421e-04  -4.8412626e-05
   1.6470406e-02   3.2456861e-02   1.0610521e-01   6.3387270e-04  -5.1978943e-04   2.8447575e-05
   1.5629478e-02   1.5057025e-02   9.7545593e-02   4.4685067e-04  -5.3139269e-04   4.0320459e-05
   2.1621933e-02   3.8205830e-02   9.9594069e-02   6.4596981e-04  -5.1068606e-04   9.3853154e-05
   2.9464359e-02  -4.3709243e-03   1.0540601e-01   7.0411286e-04  -4.9024611e-04   2.7526187e-04
   3.5369488e-02   3.7366260e-02   1.2113642e-01   5.1385046e-04  -7.0727310e-04   2.9942163e-04
   3.6485619e-02   4.6224617e-02   1.1205912e-01   2.2571061e-04  -9.3374399e-04   2.9495840e-04
   4.7087505e-02   3.8206463e-02   1.1789309e-01   1.4116324e-04  -1.2287386e-03   4.9744395e-04
   5.0355550e-02   7.2300439e-02   1.0717961e-01   5.7356031e-04  -1.3029471e-03   5.2206000e-04
   1.1006286e-01  -9.2252289e-02  -3.8723132e-02   1.4709753e-03  -2.4545078e-03   6.4616473e-04
   1.2977519e-01   5.4614832e-02   5.0460305e-02   2.4283715e-04  -2.9167820e-03   7.4456472e-04
   1.4754471e-01   6.7307679e-02   2.5614064e-02  -3.0827232e-05  -3.2738493e-03   1.1553005e-03
   1.4173656e-01   5.9320747e-02   4.8711014e-02  -4.2171501e-04  -3.2502701e-03   1.1103916e-03
   1.4182730e-01   1.2298293e-03   6.7284402e-02   1.6984939e-03  -3.1825250e-03   1.2132044e-03
   1.3005509e-01   4.5819100e-02   8.3410333e-02   9.6800203e-04  -3.1838419e-03   9.4152606e-04
   1.3586209e-01   3.1782728e-02   3.1346450e-02   7.4819611e-04  -3.2939880e-03   9.7608271e-04
   1.3675114e-01   6.7910724e-02   4.8051067e-02   7.4629044e-04  -3.3654236e-03   1.1453767e-03
   1.3037691e-01   6.1991591e-02   3.2024713e-02   4.9360321e-04  -3.2198482e-03   1.0322947e-03
   1.3518441e-01   5.4901042e-02   3.2158353e-02   6.3776372e-04  -3.4311338e-03   8.6639261e-04
   1.4092635e-01   5.6867861e-02   2.9349052e-02   2.4887833e-04  -3.3966770e-03   7.3618268e-04
   1.4543966e-01   2.7851244e-02   5.8363328e-02   8.5208711e-04  -3.4269856e-03   8.1489365e-04
   1.4460522e-01   7.9526129e-02   6.8933407e-02   6.3556546e-04  -3.4350453e-03   8.6929902e-04
   1.4012056e-01   5.9354107e-02   4.6132641e-02   1.0478280e-04  -3.4301006e-03   9.3495005e-04
   1.4435419e-01   1.0369718e-01   5.5896030e-02   1.3761412e-04  -3.5158279e-03   8.7008251e-04
   1.4303506e-01   5.2379624e-02   4.7781340e-02   3.2242768e-04  -3.5999116e-03   9.3250338e-04
   1.4833747e-01   8.4465814e-02   4.4656151e-02   4.6802641e-04  -3.5548323e-03   9.3722831e-04
   1.3667074e-01   8.2816847e-02   1.2578939e-02   1.2736227e-04  -3.3715962e-03   7.8744304e-04
   1.5852088e-01   8.0642795e-02   2.9240429e-02   4.2758360e-04  -3.6578782e-03   8.4896224e-04
   1.5051613e-01   7.8715695e-02   4.2586341e-02   7.5327195e-04  -3.5580287e-03   8.7622288e-04
   1.5988222e-01   6.6501854e-02   1.9177998e-02   6.8253386e-04  -3.7810586e-03   9.5490961e-04
   1.5726894e-01   9.3257708e-02   1.8474484e-02   6.2774825e-04  -3.8177332e-03   7.9030483e-04
   1.5325898e-01   9.7723990e-02   5.5889997e-03   4.7889058e-04  -3.7891185e-03   8.3583943e-04
   1.5887149e-01   8.8936374e-02   2.5037160e-02   6.6500853e-04  -3.9608739e-03   8.7017961e-04
   1.6248856e-01   9.5514394e-02   1.1931700e-02   5.1020674e-04  -4.0211310e-03   6.0729357e-04
   1.6013134e-01   8.8336919e-02   1.7751077e-02   6.7097006e-04  -3.9278208e-03   6.7075600e-04
   1.6429326e-01   1.2621017e-01   1.2157938e-02   5.3249387e-04  -3.9914625e-03   5.5534151e-04
   1.6073000e-01   6.5237909e-02   2.2144930e-02   1.2076327e-03  -3.8798383e-03   7.4719665e-04
   1.6137472e-01   1.1317535e-01   2.8111316e-02   7.7092004e-04  -3.8362638e-03   6.0388689e-04
   1.6538644e-01   8.6056656e-02   1.0037238e-02   7.5501450e-04  -4.0454333e-03   5.3161869e-04
   1.6839529e-01   1.2835941e-01   5.2268712e-03   3.9340953e-04  -4.1358287e-03   5.6640640e-04
   1.6883795e-01   1.1523515e-01  -5.1865400e-03   6.5105225e-04  -4.1396085e-03   5.3530360e-04
   1.7319084e-01   8.5854137e-02  -1.1303569e-02   6.9601002e-04  -4.1422494e-03   4.7838519e-04
   1.7321765e-01   1.0415504e-01  -3.9537556e-03   1.0156662e-03  -4.1665101e-03   3.8725866e-04
   1.7758101e-01   7.8241272e-02  -8.6608795e-04   1.6442136e-03  -4.1036812e-03   5.7853022e-04
   1.8724035e-01   9.9963260e-02  -8.1039749e-03   1.0169680e-03  -4.2959187e-03   4.3931447e-04
   1.6718064e-01   6.3500884e-02  -1.5183656e-02   1.8045078e-03  -4.0303469e-03   4.7722917e-04
   1.5990423e-01   5.3929852e-02   5.1494141e-03   1.8860354e-03  -4.2473165e-03   5.0566785e-04
   1.6084058e-01   1.4410450e-01  -1.3422431e-03   1.0292082e-03  -4.2093167e-03   4.2973097e-04
   1.5145816e-01   7.9360950e-02  -1.7235902e-02   1.2735138e-03  -4.2539264e-03   5.3948403e-04
   1.5343169e-01   1.1922680e-01   1.4289372e-02   9.7784332e-04  -4.3243195e-03   4.6387434e-04
   1.4389545e-01   8.0837073e-02   2.6901071e-02   5.1202678e-04  -4.0486156e-03   5.9080898e-04
   1.5867389e-01   1.6935661e-01   4.9589606e-02   2.1056840e-04  -4.0450738e-03   5.3401172e-04
   1.4796757e-01   6.3212624e-02   2.5130458e-03   8.0256953e-04  -4.1817856e-03   6.0195423e-04
   1.5688020e-01   1.4399737e-01   5.9265811e-02   2.5953164e-04  -4.3982341e-03   5.3535411e-04
   1.5796917e-01   1.2946319e-01   1.4438260e-02   4.7992471e-04  -4.3873060e-03   4.8765327e-04
   1.4603124e-01   1.1760600e-01   3.7588846e-02   2.8793153e-04  -4.2979199e-03   5.6620479e-04
   1.6659422e-01   1.0918294e-01   4.6170539e-03   1.0244962e-03  -4.4358581e-03   7.1015888e-04
   1.5450969e-01   8.2251669e-02   2.7149156e-02   8.2845793e-04  -4.3927731e-03   5.1854895e-04
   1.8203125e-01   1.1404702e-01   2.6447086e-02   6.7575039e-04  -4.3720807e-03   8.2735843e-04
   1.7569107e-01   1.1572189e-01   6.7051451e-02   8.0490267e-04  -4.1984374e-03   1.0554658e-03
   1.7758987e-01   9.7470674e-02   4.6871847e-02   7.7274074e-04  -4.2423916e-03   1.0922946e-03
   1.8026098e-01   1.3190358e-01   5.5687900e-02   6.3881116e-04  -4.2213870e-03   1.0463387e-03
   1.7943971e-01   1.1193652e-01   3.5916896e-02   7.3600203e-04  -4.3200086e-03   1.0602410e-03
   1.6993391e-01   1.1014343e-01   1.8713547e-02   7.6698791e-04  -4.3755936e-03   8.7421505e-04
   1.6585498e-01   1.3116438e-01  -4.0317301e-03   5.9972430e-04  -4.2859767e-03   7.3414702e-04
   1.7168705e-01   1.3041985e-01   1.5875623e-02   7.3082142e-04  -4.3562926e-03   6.9880322e-04
   1.7062461e-01   1.3698731e-01   1.6133906e-02   7.3897763e-04  -4.3379361e-03   6.2656752e-04
   1.7490347e-01   1.1277246e-01   2.1209470e-02   9.4250304e-04  -4.4232607e-03   5.7346811e-04
   1.8543829e-01   1.4648989e-01   1.1144337e-02   9.7023513e-04  -4.5609374e-03   6.8243083e-04
   1.8205873e-01   1.2306060e-01   8.8946446e-04   7.6305052e-04  -4.5872586e-03   7.1173409e-04
   1.8595788e-01   1.3350436e-01  -1.4175300e-02   1.2671939e-03  -4.5047901e-03   8.0368824e-04
   1.8681205e-01   1.2673731e-01  -3.3243005e-02   8.5324123e-04  -4.5670417e-03   7.6816708e-04
   1.8981831e-01   9.8454255e-02  -2.8523967e-02   1.2709191e-03  -4.6371857e-03   6.4357645e-04
   1.9583454e-01   1.2266257e-01   3.7600957e-04   1.2494910e-03  -4.6728675e-03   7.7190521e-04
   1.9799007e-01   1.1912302e-01  -2.5166058e-02   9.4567233e-04  -4.7267441e-03   8.9963753e-04
   2.0302464e-01   1.3444179e-01  -8.0442877e-03   9.4075703e-04  -4.6807266e-03   1.1321560e-03
   1.9945306e-01   8.4871563e-02  -4.7622232e-05   2.2847159e-03  -4.5785157e-03   1.2198048e-03
   1.8534116e-01   1.5110071e-01   2.1373588e-02   1.1472760e-03  -4.6106300e-03   1.1561648e-03
   1.8636832e-01   1.5215025e-01   2.1570510e-03   7.1830222e-04  -4.5571830e-03   1.1211124e-03
   1.9105505e-01   9.7293291e-02  -1.3200425e-02   1.0139701e-03  -4.5454883e-03   8.9737403e-04
   1.9364514e-01   1.0821546e-01  -1.0989918e-02   1.1739930e-03  -4.5530235e-03   8.4673852e-04
   1.9831677e-01   8.5332602e-02  -2.6656619e-04   1.4114353e-03  -4.5869088e-03   8.9751724e-04
   1.9992899e-01   1.2652652e-01  -6.0298053e-03   1.2706367e-03  -4.4628237e-03   9.4884441e-04
   1.9928277e-01   8.9998448e-02  -5.5115229e-03   1.3857269e-03  -4.3342917e-03   9.7295217e-04
   2.0535369e-01   1.2787515e-01   1.8767387e-03   1.0966290e-03  -4.2202280e-03   1.1122505e-03
   2.0441489e-01   9.5809280e-02  -5.8356999e-03   1.3575390e-03  -4.2891862e-03   1.1474992e-03
   2.0686325e-01   1.0808401e-01  -1.1697914e-03   1.3442021e-03  -4.3541225e-03   1.1731436e-03
   2.0688778e-01   1.1512141e-01   2.7422464e-03   1.2698004e-03  -4.3837901e-03   1.1316094e-03
   2.1031484e-01   9.0408885e-02   8.1564134e-03   1.5319071e-03  -4.3080252e-03   1.1738159e-03
   2.1935879e-01   9.7073571e-02   2.9083676e-03   1.7764853e-03  -4.6668565e-03   1.4052052e-03
   2.2013853e-01   1.0700188e-01  -3.4103388e-02   1.2720087e-03  -4.6405672e-03   1.4530200e-03
   2.1922440e-01   1.0312466e-01  -8.5249767e-03   1.7270611e-03  -4.5632344e-03   1.4356697e-03
   2.2731649e-01   9.6512682e-02   2.6353490e-03   1.6492176e-03  -4.6743677e-03   1.6389824e-03
   2.3224057e-01   9.6090370e-02  -5.0792599e-03   1.7236376e-03  -4.7613624e-03   1.5816528e-03
   2.2003059e-01   1.3801800e-01  -2.6109677e-02   1.1976701e-03  -4.4256400e-03   1.6050012e-03
   2.0783423e-01   9.6564951e-02  -3.4836831e-02   1.8146546e-03  -4.4564187e-03   1.3478730e-03
   2.1283692e-01   1.4667045e-01  -3.7158963e-02   1.3187167e-03  -4.4166916e-03   1.3564036e-03
   2.1628180e-01   1.2646412e-01  -3.9872017e-02   1.2205654e-03  -4.4382619e-03   1.2957469e-03
   2.2143356e-01   1.6470219e-01   3.1035216e-03   1.0295637e-03  -4.5446584e-03   1.3013164e-03
   2.2442369e-01   1.2492226e-01  -1.5500737e-02   9.5694048e-04  -4.5211785e-03   1.3842181e-03
   2.3971341e-01   1.6645859e-01   1.6628627e-02   6.9711968e-04  -4.6071383e-03   1.5167913e-03
   2.3248351e-01   1.4284904e-01   1.6410085e-02   6.9999985e-04  -4.5716396e-03   1.6409013e-03
   2.5071801e-01   1.2394946e-01   3.0766378e-02   1.8714136e-03  -4.7061560e-03   1.7574803e-03
   2.5555405e-01   1.5284604e-01   9.0553409e-03   8.0416077e-04  -4.8202684e-03   2.0334366e-03
   2.7222102e-01   1.2553981e-01   1.9057521e-02   1.0949677e-03  -4.8644096e-03   2.3605365e-03
   2.8096154e-01   1.4224889e-01   2.5801376e-02   1.0075182e-03  -5.0414094e-03   2.2769508e-03
   2.7925713e-01   1.2347733e-01   1.9916568e-03   8.2138494e-04  -4.9448450e-03   2.3361539e-03
   2.8616927e-01   1.6889544e-01   1.6289748e-02   8.8162719e-04  -5.1231931e-03   2.3984892e-03
   2.6998762e-01   9.6462789e-02   2.1189425e-02   2.0010647e-03  -4.8000460e-03   2.6368028e-03
   2.6404246e-01   1.7303025e-01   1.6375435e-02   1.0494499e-03  -4.9386805e-03   2.4795235e-03
   2.6376510e-01   1.2099531e-01   1.3314684e-02   1.0866894e-03  -4.9073505e-03   2.4181105e-03
   2.6961626e-01   1.3428572e-01   2.3051814e-02   8.8754943e-04  -4.9920452e-03   2.0783871e-03
   2.7002805e-01   1.4567865e-01   1.2668244e-02   6.6152362e-04  -4.9395538e-03   2.0195300e-03
   2.7936849e-01   1.2167952e-01   2.0893706e-02   8.1049803e-04  -5.0441949e-03   2.0556299e-03
   2.7454121e-01   1.4563187e-01   4.1776623e-02   1.1763680e-03  -5.1297757e-03   1.9230216e-03
   2.7422847e-01   1.3440195e-01   5.2395811e-02   6.1013085e-04  -5.1475667e-03   2.0580634e-03
   2.7817565e-01   1.6073733e-01   3.1191156e-02   4.6485762e-04  -5.2257680e-03   2.0882813e-03
   2.6968636e-01   1.1281979e-01   3.1667624e-02   8.2192353e-04  -5.2120625e-03   1.9016313e-03
   2.7803718e-01   1.4760190e-01   2.1993686e-02   4.8292888e-04  -5.2508397e-03   2.0096898e-03
   2.8375219e-01   1.2035595e-01   2.8222049e-02   9.8514065e-04  -5.4085749e-03   1.9855853e-03
   2.6906957e-01   1.3737376e-01   1.4165587e-02   1.2189557e-03  -5.2286530e-03   2.2114669e-03
   2.3610873e-01   1.4883051e-01   7.1606300e-03   1.2494425e-03  -4.9704219e-03   1.9934736e-03
   2.4117013e-01   1.4375043e-01   7.4413474e-03   6.0532214e-04  -5.1936850e-03   1.7143403e-03
   2.6035362e-01   1.5021675e-01   1.4324770e-02   8.3444447e-04  -5.3459883e-03   1.9428346e-03
   2.5828018e-01   1.4200582e-01   3.4354138e-02   5.6253041e-04  -5.0228959e-03   2.0000156e-03
   2.7112812e-01   1.2583866e-01   4.1213497e-02   1.0232075e-03  -5.2551835e-03   1.9397375e-03
   2.5560969e-01   1.6105492e-01   3.9970545e-02   1.9592101e-04  -5.0112001e-03   1.9392060e-03
   2.5487551e-01   1.2321137e-01   5.5823375e-02   8.0579576e-04  -5.1861812e-03   2.0081193e-03
   2.5619256e-01   2.1546868e-01   3.5881722e-02   1.9358918e-04  -5.0579726e-03   2.2110118e-03
   2.5665386e-01   1.0821617e-01   2.7433485e-02   1.0572476e-03  -5.0478600e-03   1.9951691e-03
   2.7510567e-01   2.1890500e-01   6.3696236e-02  -6.7698528e-05  -5.1091552e-03   2.1445382e-03
   2.7236534e-01   1.0301907e-01   4.1474051e-02   1.3978775e-03  -5.2109160e-03   1.7796247e-03
   2.9059998e-01   2.1431857e-01   6.1290643e-02  -2.9238529e-04  -5.1887406e-03   2.1605602e-03
   3.0380139e-01   8.6223391e-02   3.1274106e-02   1.7456153e-03  -5.6695894e-03   1.7135472e-03
   2.4630997e-01   3.3827831e-01   1.5118640e-02  -4.1918060e-03  -3.7303598e-03   3.3119115e-03
   2.1576466e-01   1.4875717e-01  -1.3656017e-01  -2.5976705e-03  -4.0137395e-03   1.8031247e-03
   2.2487666e-01   8.7300927e-02  -4.0468337e-03  -1.1896583e-04  -4.4583883e-03   1.4141410e-03
   2.3702579e-01   2.5823191e-01   4.0405109e-02  -2.2676246e-03  -4.4842467e-03   2.0549089e-03
   2.4096613e-01   1.7070535e-01   2.4553217e-02  -1.2862413e-03  -4.5705136e-03   1.8727227e-03
   2.4603563e-01   2.1380232e-01   4.1494559e-02  -1.4377341e-03  -4.5859098e-03   2.0622999e-03
   2.5065588e-01   1.8117689e-01   5.6029944e-02  -9.0704029e-04  -4.6440221e-03   1.9035236e-03
   2.4581747e-01   1.8510176e-01   5.4805078e-02  -1.1963049e-03  -4.5490392e-03   2.0056175e-03
   2.5169509e-01   2.0370176e-01   4.2432293e-02  -1.2161068e-03  -4.7508090e-03   1.7410155e-03
   2.5170698e-01   2.0742712e-01   2.1376136e-02  -1.4701622e-03  -4.5992758e-03   1.7810164e-03
   2.6293219e-01   2.1020118e-01   2.0416551e-02  -9.0363219e-04  -4.8309505e-03   1.7095934e-03
   2.5902114e-01   2.2960437e-01   2.7491237e-02  -1.5133230e-03  -4.6786908e-03   1.7468877e-03
   2.5944806e-01   2.2410114e-01   4.6327056e-02  -9.9137056e-04  -4.8316366e-03   1.6004726e-03
   2.4876335e-01   1.9798334e-01   5.0888047e-02  -1.0491741e-03  -4.6123658e-03   1.8358767e-03
   2.4867487e-01   2.2617857e-01   3.2469496e-02  -1.0528589e-03  -4.6814905e-03   1.7139264e-03
