   0.0000000e+00   0.0000000e+00  -3.5527137e-15   5.5511151e-17  -2.4073145e-37   7.5231638e-37
  -5.2353178e-04   1.3955770e-02  -3.3699318e-03   4.7522147e-05  -1.6282158e-04  -4.2916747e-05
  -1.1419512e-03  -4.1680830e-02   4.3842669e-02  -3.7873831e-04   6.0213935e-05  -9.8442914e-06
   8.0981551e-03   2.7496574e-02   2.7813164e-02  -9.2741836e-05  -1.0641039e-04  -5.3170411e-05
  -7.8228530e-03  -4.8672157e-02   1.4416841e-02  -4.2198961e-04  -5.0557636e-05  -1.9264889e-04
  -2.4096383e-03   4.1219204e-02   7.0931225e-02  -4.1240078e-04  -2.2950823e-04   3.3715936e-05
   5.0722552e-03   2.3343745e-02   1.0515214e-01  -1.2294661e-03  -3.2037904e-04   5.2372199e-05
  -2.0661393e-03   1.3811309e-02   3.6677801e-02  -3.3450770e-04  -2.5211689e-04  -3.0167338e-05
   1.7240368e-02   1.8590685e-02   5.7090316e-02  -1.3923492e-03  -6.4192506e-04   2.5101318e-05
   2.8214086e-02  -2.3445635e-02  -6.3968179e-02  -1.4472134e-04  -5.5215118e-04   1.3903346e-04
   5.0561635e-02  -2.5550135e-02  -1.8509436e-02  -2.4557498e-03  -1.0868175e-03  -1.0896677e-04
   3.9091646e-02   4.9217276e-02   8.2667345e-03  -2.0925132e-03  -6.4806671e-04   4.2828246e-04
   5.8512503e-02  -4.6975310e-02   6.4105849e-03  -2.1487742e-03  -1.3403122e-03   4.0815281e-04
   4.2620651e-02   4.2208780e-02   5.7476629e-02  -2.3904256e-03  -7.7113743e-04   3.9912146e-04
   4.9095787e-02  -8.4015621e-02   7.6086188e-02  -1.4767682e-04  -1.2223769e-03   5.2303494e-04
   4.6338091e-02   2.9608329e-02   6.8806066e-02  -1.8978450e-03  -1.1396005e-03   3.1156061e-04
   5.3553548e-02   3.3024998e-03   5.2991979e-02  -1.7127241e-03  -1.4080026e-03   3.5739365e-04
   4.6745286e-02  -1.9427369e-03   3.4351350e-02  -1.7307372e-03  -1.0207755e-03   2.9868594e-04
   4.7338609e-02  -7.1310150e-03   6.9996277e-02  -9.1696738e-04  -1.0584655e-03   4.4952350e-04
   5.4387822e-02   7.8849966e-03   1.5108828e-02  -1.8080801e-03  -1.2143028e-03   3.7407355e-04
   4.9245427e-02   2.8033710e-03   4.7600744e-02  -1.4381966e-03  -1.2071074e-03   5.2671236e-04
   5.2335297e-02  -2.6490568e-03   2.8263555e-02  -1.7976226e-03  -1.2328080e-03   1.2951332e-04
   3.7262507e-02  -1.6735547e-02   4.1195946e-02  -1.1633076e-03  -1.1839458e-03   1.9649346e-04
   4.0881468e-02   2.1927561e-02   4.6542572e-02  -1.7205940e-03  -1.1709332e-03  -6.7458773e-05
   4.0178935e-02  -4.1974121e-02   5.1110491e-02  -8.7355409e-04  -1.1486478e-03   1.8489732e-04
   3.4087160e-02   1.1781447e-02   6.7416532e-02  -8.6839426e-04  -9.6959198e-04   3.1022361e-04
   5.3697267e-02  -2.4518497e-02   6.0387882e-02  -1.4238720e-03  -1.4112160e-03   5.4580745e-05
   5.3127547e-02   1.6838590e-02   5.5898736e-02  -1.3989335e-03  -1.1867891e-03   1.2882420e-04
   5.5855515e-02  -3.6944954e-02   4.6782220e-02  -3.5178514e-04  -1.3669080e-03   1.3965731e-04
   4.6043227e-02  -2.9032939e-03   3.9544269e-02  -8.9710230e-04  -1.1804153e-03  -5.1442436e-07
   4.9545400e-02   8.7877834e-03   6.8061677e-02  -9.0712810e-04  -1.3411865e-03  -4.7129298e-06
   3.9324153e-02  -1.7517118e-02   5.9109903e-03  -9.6712015e-04  -1.2216443e-03   6.5425208e-06
   6.2836798e-02   1.3417240e-01   9.1331834e-02  -4.7266148e-03  -2.0191454e-03   1.0060616e-03
   5.9970188e-02   1.2128534e-01   9.3650191e-02  -6.6196270e-03  -2.3649948e-03   9.0180874e-04
   5.1690476e-02   9.6873285e-02   7.3570204e-02  -4.5563540e-03  -1.8279095e-03   7.4769726e-04
   6.0625062e-02   1.0306545e-01   3.0428892e-02  -4.7328227e-03  -2.1216730e-03   3.6017779e-04
   7.0053620e-02   8.0092714e-02   7.4576472e-02  -3.8185713e-03  -1.9445709e-03   7.7310791e-04
   6.3903679e-02   1.3888962e-01   4.6670210e-02  -4.1754972e-03  -2.1295769e-03   4.6497026e-04
   6.8338976e-02   6.3826714e-02   4.2144684e-02  -4.1487750e-03  -2.0865617e-03   4.9592559e-04
   5.0499275e-02   1.2102426e-01   3.6029033e-02  -3.6027252e-03  -1.8127739e-03   2.9630451e-04
   1.0122753e-01   7.8862137e-02   6.0174335e-02  -4.9277877e-03  -2.4585562e-03   9.2444805e-04
   1.0805247e-01   2.1313937e-01   1.1706315e-01  -7.7269818e-03  -2.7591747e-03   2.0375629e-03
   1.2535936e-01   8.3441430e-02   8.6998613e-02  -5.2585415e-03  -3.0957803e-03   1.5936828e-03
   1.0208117e-01   1.2378480e-01   6.4070671e-02  -5.0326626e-03  -2.8006070e-03   1.3862985e-03
   1.1915490e-01   8.8290443e-02   9.2801670e-02  -4.5731861e-03  -3.0277756e-03   1.7244982e-03
   1.0986943e-01   1.5805865e-01   3.9417132e-02  -5.2719831e-03  -3.0823651e-03   1.1850609e-03
   1.3299258e-01   4.7298277e-02   6.1963702e-02  -4.1530827e-03  -2.8176525e-03   2.0400543e-03
   1.0052255e-01   1.8743548e-01   4.5954579e-02  -4.0475207e-03  -3.4180615e-03   1.2479441e-03
   1.5631391e-01  -3.5241386e-01   2.8892415e-01  -2.6238015e-02  -8.6469272e-04   8.4838249e-03
   1.5819457e-01   5.2624663e-01   4.5445497e-01  -5.3165909e-02   3.6488091e-03   1.6089671e-02
   4.8125757e-02   8.6848529e-01   1.9333662e-01  -4.3719413e-02   2.8685496e-03   8.3775173e-03
   7.3537232e-02   5.6539872e-01   2.8296940e-01  -3.9813644e-02   4.1703862e-03   1.1827488e-02
  -5.2036042e-02   1.2949446e+00  -5.6259093e-01  -6.4453690e-02   6.8082982e-03   1.4595534e-02
  -1.5736005e-02   7.6658636e-01   5.4638694e-02  -3.8535815e-02   4.0152275e-03   6.7849566e-03
   2.3160529e-02   6.8218279e-01   7.5353322e-01  -3.2980898e-02   1.9891827e-03   2.5119070e-03
   1.0454076e-01   8.4353873e-01   6.6502525e-01  -4.1113470e-02   1.1018132e-03   3.5640362e-03
   7.1615733e-02   7.9336908e-01   6.8288899e-01  -3.6846274e-02   5.3885641e-04   3.4980721e-03
   9.0795918e-02   7.9184950e-01   6.0217346e-01  -3.9388986e-02   2.1300084e-04   3.3490409e-03
   5.0360907e-02   7.2765282e-01   6.4005853e-01  -3.4738821e-02   1.0386501e-03   3.0143468e-03
   5.8302129e-02   6.3995248e-01   4.8584302e-01  -3.4178476e-02   1.0068995e-03   3.1088907e-03
   3.0601422e-02   6.5430316e-01   5.9082706e-01  -3.1273912e-02   7.4717943e-04   1.4579803e-03
   3.5476635e-02   7.8682512e-01   5.0384736e-01  -3.7585436e-02   1.0569116e-03   2.6124570e-03
  -1.4377706e-02   8.1645053e-01   4.9926635e-01  -4.2332566e-02  -8.0325686e-04   4.2169105e-04
   2.2324635e-03   8.0657349e-01   4.2039043e-01  -3.9703007e-02  -4.6869433e-04   1.0793857e-03
  -2.8439156e-02   6.3777787e-01   4.3981123e-01  -3.1594190e-02   3.4292264e-04   8.2052483e-04
  -3.5356275e-02   6.6162899e-01   1.5620280e-01  -3.2213579e-02   8.0014548e-04   1.0256700e-03
  -6.1634936e-03   5.4518713e-01   3.8708648e-01  -2.4530279e-02   1.0586376e-03   1.2192381e-03
   2.6441365e-02   3.8157217e-01   1.0312862e-01  -1.9444073e-02   1.6575219e-03   9.4740171e-04
   2.9758308e-02   3.1999473e-02  -2.8154959e-01  -1.2420403e-02   6.5013430e-04   9.4731795e-04
   5.2026021e-02   3.4796483e-01  -9.3072338e-04  -1.4593090e-02   2.1350645e-04   1.1168250e-03
   2.8216914e-02   3.4368598e-01   1.9717761e-02  -1.4510296e-02   5.5691804e-04   8.0278907e-04
   4.7128523e-02   2.9565991e-01   1.3094765e-02  -1.4468925e-02   3.1266756e-04   6.3317536e-04
   3.6289152e-02   2.8662028e-01   4.7359492e-02  -1.2966852e-02   2.8996893e-04   2.7090865e-04
   4.4749927e-02   3.0376875e-01   5.7830995e-02  -1.3447290e-02   1.6165225e-04   1.9803611e-04
   3.0732822e-02   2.8029951e-01   6.2684927e-02  -1.2462359e-02  -6.6153422e-05   7.2713962e-05
   4.1815506e-02   2.7131870e-01   1.2893368e-02  -1.2936323e-02  -2.1802352e-04  -3.0081409e-06
   3.0500553e-02   2.6677527e-01   5.3534338e-02  -1.2020381e-02  -3.2878131e-04  -1.7468531e-04
   4.0500997e-02   2.5804415e-01  -1.1571305e-02  -1.2479135e-02  -2.8585520e-04  -7.5726709e-05
   2.4615926e-02   2.8970364e-01   5.8673992e-02  -1.0950496e-02  -1.0995955e-04  -4.9131910e-06
   4.9858622e-02   2.0446947e-01  -3.4032713e-02  -1.0577506e-02  -6.1076819e-04   2.1084032e-04
   2.3290476e-03   4.4377378e-01   1.8695430e-01  -1.9248907e-02  -1.8161878e-05   1.3810350e-03
   9.0286708e-03   4.1555710e-01   1.9718103e-01  -2.2092597e-02   5.0838180e-04   1.7360353e-03
   4.9020439e-04   4.4960237e-01   2.1588736e-01  -1.6846630e-02   1.0363858e-04   5.4113121e-04
  -1.6958862e-03   4.5497303e-01   1.6965129e-01  -2.1240937e-02   5.1689662e-04   1.0892589e-03
  -1.7179259e-02   4.5458037e-01   2.6907593e-01  -1.6322909e-02  -9.0157808e-06   4.1393656e-04
   9.4857391e-04   3.9832520e-01   1.4500794e-01  -2.2265119e-02   4.9777681e-04   1.2915580e-03
  -7.4333061e-03   5.1752205e-01   3.5105506e-01  -1.4736071e-02  -3.3869217e-04   4.5790535e-04
  -1.2923317e-01  -3.9614617e-02  -7.2637885e-01  -5.8503706e-02   2.2556797e-03   4.1598540e-03
  -2.8358797e-01  -3.2933777e-01   7.5036776e-01  -2.4113200e-03   9.2687348e-03  -2.4164902e-03
  -3.0361801e-01   9.2207087e-02   1.1810641e+00  -2.0967696e-03   6.1382580e-03  -4.0917111e-03
  -1.6085950e-01   2.3376752e-01   3.9702854e-01  -2.4359409e-02   3.4088234e-03  -2.3652651e-03
  -1.8135750e-01   4.0989882e-01   6.6054697e-01  -2.0160956e-02   3.1051299e-03  -3.4694841e-03
  -1.7535214e-01   3.0572460e-01   5.1283889e-01  -2.0212070e-02   2.9695806e-03  -3.4400861e-03
  -1.7423247e-01   2.3872003e-01   7.2217754e-01  -1.3681901e-02   1.5440993e-03  -3.4251564e-03
  -1.7765028e-01   2.1232013e-01   5.0359725e-01  -1.5346718e-02   1.7014567e-03  -3.7131489e-03
  -1.4815211e-01   2.9945499e-01   6.0971359e-01  -1.6259404e-02   1.3356305e-03  -3.1516007e-03
  -1.0005125e-01   2.2328865e-01   1.9134110e-01  -1.7028801e-02   4.8534242e-04  -3.0574290e-03
  -1.2652552e-01   2.0819921e-01   1.9493468e-01  -1.5387542e-02   5.7729402e-04  -3.2906352e-03
  -1.1106667e-01   2.2065907e-01   1.6111774e-01  -1.4956377e-02   3.9233573e-04  -3.2680510e-03
  -1.1227767e-01   2.1018097e-01   2.1874161e-01  -1.5159570e-02   2.9343818e-05  -3.2685008e-03
  -1.0807438e-01   2.4350200e-01   1.7171826e-01  -1.5601590e-02  -4.6940821e-05  -3.2985330e-03
  -1.1197040e-01   2.4780169e-01   2.0201460e-01  -1.5593450e-02   6.9944838e-05  -3.3318387e-03
  -1.1371361e-01   2.6973000e-01   1.5757917e-01  -1.5279563e-02   1.8998560e-04  -3.2836793e-03
  -1.0815803e-01   2.6296796e-01   2.0442185e-01  -1.4740032e-02  -1.4247466e-05  -3.1092929e-03
  -9.8386861e-02   2.3886527e-01   1.1676872e-01  -1.4110569e-02   6.3147803e-05  -3.3411513e-03
  -1.0786552e-01   2.6962111e-01   1.4656562e-01  -1.5019939e-02  -1.7932812e-04  -3.4085856e-03
  -1.2079848e-01   3.2469998e-01   1.2379331e-01  -1.6674014e-02  -2.0643715e-04  -3.4557875e-03
  -1.2340786e-01   3.0019591e-01   1.8812621e-01  -1.6803786e-02  -4.5263452e-04  -3.7918503e-03
  -1.3390662e-01   2.4583956e-01   1.3089830e-01  -1.5234366e-02  -4.7724810e-04  -4.2629589e-03
  -1.1625513e-01   3.1674238e-01   2.3583868e-01  -1.7236354e-02  -1.0279633e-03  -3.4812524e-03
  -9.1485233e-02   3.8749572e-01   2.0108662e-01  -2.1291494e-02  -2.1283585e-03  -3.1488393e-03
  -1.1252060e-01   3.0829296e-01   1.4539330e-01  -1.7354599e-02  -1.4305327e-03  -3.6683774e-03
  -1.0842194e-01   3.4386128e-01   1.1406692e-01  -1.8000496e-02  -1.7597210e-03  -3.8064534e-03
  -1.1866515e-01   3.0456394e-01   1.6378179e-01  -1.7433892e-02  -1.7524257e-03  -3.8880341e-03
  -9.5448143e-02   3.2797206e-01   1.2468918e-01  -1.8010134e-02  -2.0355663e-03  -3.9276426e-03
  -9.6884477e-02   3.3085843e-01   1.5018054e-01  -1.9153356e-02  -2.1165319e-03  -3.5138519e-03
  -8.7927828e-02   3.9943519e-01   1.4324956e-01  -1.9333208e-02  -2.4904467e-03  -3.5075726e-03
  -8.7364007e-02   2.8676542e-01   1.3893566e-01  -1.7952084e-02  -2.6152697e-03  -3.3426468e-03
  -7.9033137e-02   4.1120130e-01   1.7478815e-01  -1.9319263e-02  -2.8789302e-03  -3.2488823e-03
  -9.3069268e-02   3.2496863e-01   1.4455002e-01  -1.9226298e-02  -2.4984653e-03  -3.3093455e-03
  -8.5698924e-02   4.4914118e-01   1.6724149e-01  -2.0897491e-02  -2.6857429e-03  -1.3752460e-03
  -6.7391896e-02   3.6477675e-01   1.5390190e-01  -2.1294139e-02  -2.6090479e-03  -1.2112590e-03
  -7.7822637e-02   4.3071241e-01   1.9055607e-01  -2.0305724e-02  -2.7728685e-03  -1.8632118e-03
  -7.5450903e-02   3.2607533e-01   1.5697297e-01  -2.0796410e-02  -2.5974219e-03  -1.7769950e-03
  -7.7200830e-02   4.1218760e-01   2.1251287e-01  -1.9883973e-02  -2.8375978e-03  -1.7745153e-03
  -7.7581141e-02   3.0611170e-01   1.3915419e-01  -2.0966852e-02  -2.5609715e-03  -1.7608109e-03
  -7.8735317e-02   4.5207754e-01   1.9636740e-01  -1.9711523e-02  -2.9728078e-03  -1.7145156e-03
  -7.1550738e-02   2.8734840e-01   1.2099651e-01  -2.1565231e-02  -2.5735186e-03  -1.4593088e-03
  -6.7896558e-02   5.5372834e-01   3.0343971e-01  -1.8938746e-02  -3.3646300e-03  -1.7779862e-03
  -1.3339593e-01  -3.3290429e-02  -1.6601236e-01  -2.6016840e-02   4.7510818e-04   1.3809553e-03
  -6.5636282e-01  -1.6766815e+00  -3.8563629e-01  -5.2138434e-02   1.4518851e-02   3.5350816e-02
  -4.3415372e-01   7.0078506e-01   4.6519105e-01  -5.1648921e-02   8.2165521e-03   2.9551359e-02
  -4.5031015e-01   2.8798525e-01  -4.1966941e-01  -4.2797602e-02   6.5272991e-03   2.5167305e-02
  -4.5799219e-01   6.5608528e-01  -1.1666898e-01  -4.2697682e-02   5.0591173e-03   2.3979112e-02
  -4.6172633e-01   1.2324274e-01  -6.2289330e-01  -3.1000508e-02   5.9579241e-03   2.2364993e-02
  -4.9165110e-01   5.2524685e-01  -2.0860998e-01  -3.0572359e-02   7.1495136e-03   2.1785376e-02
  -4.5090583e-01  -2.2877281e-02  -6.5029483e-01  -2.5142189e-02   6.3869606e-03   2.1526222e-02
  -4.2214441e-01   1.9926555e-01  -4.8780693e-01  -2.4633682e-02   5.3422819e-03   2.1887246e-02
  -4.3591679e-01   2.6797833e-01  -4.3274036e-01  -2.6393376e-02   5.5303296e-03   2.2196590e-02
  -4.1900822e-01   3.5484686e-01  -3.6963500e-01  -2.9432676e-02   4.5368412e-03   2.2226650e-02
  -4.6875223e-01   4.2019864e-01  -4.8388168e-01  -3.0041876e-02   5.7292517e-03   2.1974205e-02
  -5.3453879e-01   4.3410399e-01  -6.1427782e-01  -2.7925059e-02   5.2759592e-03   1.9598628e-02
  -5.1288102e-01   5.3190973e-01  -5.3666012e-01  -3.6434075e-02   3.4795537e-03   2.0229097e-02
  -4.8924155e-01   3.8671333e-01  -4.5401890e-01  -2.9081685e-02   4.0766607e-03   2.0068674e-02
  -4.6699794e-01   4.9579156e-01  -4.5902463e-01  -3.2844743e-02   3.5377587e-03   2.0215620e-02
  -4.6403371e-01   3.9701152e-01  -4.5091178e-01  -2.8898703e-02   3.7623245e-03   1.9856160e-02
  -4.4832001e-01   4.8355790e-01  -4.3181144e-01  -3.2184696e-02   2.8059633e-03   1.9933464e-02
  -5.0186019e-01  -1.5273205e-01  -7.9267266e-01  -6.2796164e-03   5.6164082e-03   1.7541830e-02
  -7.6975076e-01  -7.3551092e-01  -1.1767582e+00   1.9062159e-02   9.9435939e-03   1.4241464e-02
  -1.2804652e+00  -1.7299283e+00  -9.8943258e-01   5.8473879e-02   1.9850704e-02   1.0048914e-02
